# Solution of the equation dy/dx = -xy using:
# 1) Euler method


0.000000	1.000000
0.050000	1.000000
0.100000	0.997500
0.150000	0.992513
0.200000	0.985069
0.250000	0.975218
0.300000	0.963028
0.350000	0.948582
0.400000	0.931982
0.450000	0.913342
0.500000	0.892792
0.550000	0.870472
0.600000	0.846534
0.650000	0.821138
0.700000	0.794451
0.750000	0.766646
0.800000	0.737896
0.850000	0.708381
0.900000	0.678274
0.950000	0.647752
1.000000	0.616984
1.050000	0.586135
1.100000	0.555363
1.150000	0.524818
1.200000	0.494641
1.250000	0.464962
1.300000	0.435902
1.350000	0.407568
1.400000	0.380058
1.450000	0.353454
1.500000	0.327828
1.550000	0.303241
1.600000	0.279740
1.650000	0.257361
1.700000	0.236128
1.750000	0.216057
1.800000	0.197152
1.850000	0.179409
1.900000	0.162813
1.950000	0.147346
2.000000	0.132980
2.050000	0.119682
2.100000	0.107415
2.150000	0.096136
2.200000	0.085801
2.250000	0.076363
2.300000	0.067772
2.350000	0.059979
2.400000	0.052931
2.450000	0.046579
2.500000	0.040873
2.550000	0.035764
2.600000	0.031204
2.650000	0.027148
2.700000	0.023551
2.750000	0.020371
2.800000	0.017570
2.850000	0.015110
2.900000	0.012957
2.950000	0.011078
3.000000	0.009444
3.050000	0.008028
3.100000	0.006803
3.150000	0.005749
3.200000	0.004843
3.250000	0.004069
3.300000	0.003407
3.350000	0.002845
3.400000	0.002369
3.450000	0.001966
3.500000	0.001627
3.550000	0.001342
3.600000	0.001104
3.650000	0.000905
3.700000	0.000740
3.750000	0.000603
3.800000	0.000490
3.850000	0.000397
3.900000	0.000321
3.950000	0.000258
4.000000	0.000207
4.050000	0.000166
4.100000	0.000132
4.150000	0.000105
4.200000	0.000083
4.250000	0.000066
4.300000	0.000052
4.350000	0.000041
4.400000	0.000032
4.450000	0.000025
4.500000	0.000019
4.550000	0.000015
4.600000	0.000012
4.650000	0.000009
4.700000	0.000007
4.750000	0.000005
4.800000	0.000004
4.850000	0.000003
4.900000	0.000002
4.950000	0.000002
# 2) Runge-Kutta 2nd order


0.000000	1.000000
0.050000	0.998750
0.100000	0.995011
0.150000	0.988811
0.200000	0.980196
0.250000	0.969230
0.300000	0.955994
0.350000	0.940584
0.400000	0.923113
0.450000	0.903705
0.500000	0.882496
0.550000	0.859634
0.600000	0.835274
0.650000	0.809579
0.700000	0.782716
0.750000	0.754856
0.800000	0.726171
0.850000	0.696834
0.900000	0.667014
0.950000	0.636877
1.000000	0.606586
1.050000	0.576295
1.100000	0.546151
1.150000	0.516293
1.200000	0.486852
1.250000	0.457945
1.300000	0.429681
1.350000	0.402157
1.400000	0.375459
1.450000	0.349660
1.500000	0.324824
1.550000	0.301000
1.600000	0.278229
1.650000	0.256541
1.700000	0.235955
1.750000	0.216482
1.800000	0.198121
1.850000	0.180867
1.900000	0.164706
1.950000	0.149616
2.000000	0.135571
2.050000	0.122539
2.100000	0.110485
2.150000	0.099369
2.200000	0.089150
2.250000	0.079784
2.300000	0.071225
2.350000	0.063426
2.400000	0.056341
2.450000	0.049924
2.500000	0.044128
2.550000	0.038909
2.600000	0.034222
2.650000	0.030025
2.700000	0.026278
2.750000	0.022941
2.800000	0.019979
2.850000	0.017356
2.900000	0.015040
2.950000	0.013002
3.000000	0.011211
3.050000	0.009644
3.100000	0.008275
3.150000	0.007083
3.200000	0.006048
3.250000	0.005151
3.300000	0.004377
3.350000	0.003710
3.400000	0.003137
3.450000	0.002645
3.500000	0.002226
3.550000	0.001868
3.600000	0.001564
3.650000	0.001306
3.700000	0.001088
3.750000	0.000904
3.800000	0.000750
3.850000	0.000620
3.900000	0.000512
3.950000	0.000421
4.000000	0.000346
4.050000	0.000283
4.100000	0.000231
4.150000	0.000189
4.200000	0.000153
4.250000	0.000124
4.300000	0.000101
4.350000	0.000081
4.400000	0.000065
4.450000	0.000053
4.500000	0.000042
4.550000	0.000034
4.600000	0.000027
4.650000	0.000021
4.700000	0.000017
4.750000	0.000013
4.800000	0.000011
4.850000	0.000008
4.900000	0.000007
4.950000	0.000005
# 3) Runge-Kutta 4th order


0.000000	1.000000
0.050000	0.998751
0.100000	0.995012
0.150000	0.988813
0.200000	0.980199
0.250000	0.969233
0.300000	0.955997
0.350000	0.940588
0.400000	0.923116
0.450000	0.903707
0.500000	0.882497
0.550000	0.859633
0.600000	0.835270
0.650000	0.809572
0.700000	0.782705
0.750000	0.754840
0.800000	0.726149
0.850000	0.696805
0.900000	0.666977
0.950000	0.636832
1.000000	0.606531
1.050000	0.576229
1.100000	0.546074
1.150000	0.516206
1.200000	0.486752
1.250000	0.457833
1.300000	0.429557
1.350000	0.402021
1.400000	0.375311
1.450000	0.349501
1.500000	0.324652
1.550000	0.300818
1.600000	0.278037
1.650000	0.256340
1.700000	0.235746
1.750000	0.216265
1.800000	0.197899
1.850000	0.180640
1.900000	0.164475
1.950000	0.149382
2.000000	0.135335
2.050000	0.122304
2.100000	0.110251
2.150000	0.099137
2.200000	0.088922
2.250000	0.079560
2.300000	0.071005
2.350000	0.063213
2.400000	0.056135
2.450000	0.049725
2.500000	0.043937
2.550000	0.038726
2.600000	0.034048
2.650000	0.029860
2.700000	0.026122
2.750000	0.022794
2.800000	0.019841
2.850000	0.017228
2.900000	0.014921
2.950000	0.012891
3.000000	0.011109
3.050000	0.009550
3.100000	0.008189
3.150000	0.007004
3.200000	0.005976
3.250000	0.005086
3.300000	0.004318
3.350000	0.003657
3.400000	0.003089
3.450000	0.002603
3.500000	0.002188
3.550000	0.001834
3.600000	0.001534
3.650000	0.001280
3.700000	0.001065
3.750000	0.000884
3.800000	0.000732
3.850000	0.000604
3.900000	0.000498
3.950000	0.000409
4.000000	0.000335
4.050000	0.000274
4.100000	0.000224
4.150000	0.000182
4.200000	0.000148
4.250000	0.000120
4.300000	0.000097
4.350000	0.000078
4.400000	0.000063
4.450000	0.000050
4.500000	0.000040
4.550000	0.000032
4.600000	0.000025
4.650000	0.000020
4.700000	0.000016
4.750000	0.000013
4.800000	0.000010
4.850000	0.000008
4.900000	0.000006
4.950000	0.000005
