# Growth rate = 4.0000
# Number of generations	Populations
1025	0.057884
1026	0.218134
1027	0.682207
1028	0.867202
1029	0.460650
1030	0.993806
1031	0.024621
1032	0.096060
1033	0.347331
1034	0.906769
1035	0.338157
1036	0.895228
1037	0.375180
1038	0.937680
1039	0.233744
1040	0.716431
1041	0.812630
1042	0.609049
1043	0.952433
1044	0.181216
1045	0.593508
1046	0.965025
1047	0.135006
1048	0.467118
1049	0.995675
1050	0.017225
1051	0.067712
1052	0.252509
1053	0.754994
1054	0.739913
1055	0.769767
1056	0.708902
1057	0.825439
1058	0.576357
1059	0.976678
1060	0.091111
1061	0.331239
1062	0.886079
1063	0.403772
1064	0.962961
1065	0.142670
1066	0.489262
1067	0.999539
1068	0.001844
1069	0.007363
1070	0.029234
1071	0.113519
1072	0.402529
1073	0.961997
1074	0.146234
1075	0.499398
1076	0.999999
1077	0.000006
1078	0.000023
1079	0.000093
1080	0.000371
1081	0.001485
1082	0.005932
1083	0.023589
1084	0.092129
1085	0.334565
1086	0.890525
1087	0.389960
1088	0.951565
1089	0.184357
1090	0.601477
1091	0.958810
1092	0.157974
1093	0.532074
1094	0.995885
1095	0.016392
1096	0.064494
1097	0.241340
1098	0.732379
1099	0.783999
1100	0.677378
1101	0.874148
1102	0.440052
1103	0.985625
1104	0.056674
1105	0.213849
1106	0.672471
1107	0.881015
1108	0.419309
1109	0.973956
1110	0.101462
1111	0.364671
1112	0.926744
1113	0.271559
1114	0.791258
1115	0.660674
1116	0.896736
1117	0.370404
1118	0.932819
1119	0.250670
1120	0.751339
1121	0.747316
1122	0.755340
1123	0.739207
1124	0.771120
1125	0.705975
1126	0.830297
1127	0.563615
1128	0.983813
1129	0.063701
1130	0.238574
1131	0.726627
1132	0.794561
1133	0.652934
1134	0.906444
1135	0.339212
1136	0.896589
1137	0.370868
1138	0.933299
1139	0.249007
1140	0.748010
1141	0.753964
1142	0.742009
1143	0.765727
1144	0.717557
1145	0.810675
1146	0.613924
1147	0.948085
1148	0.196879
1149	0.632471
1150	0.929806
1151	0.261068
1152	0.771647
1153	0.704833
1154	0.832175
1155	0.558640
1156	0.986245
1157	0.054262
1158	0.205272
1159	0.652541
1160	0.906925
1161	0.337647
1162	0.894565
1163	0.377272
1164	0.939752
1165	0.226474
1166	0.700733
1167	0.838825
1168	0.540791
1169	0.993344
1170	0.026445
1171	0.102984
1172	0.369513
1173	0.931892
1174	0.253877
1175	0.757693
1176	0.734376
1177	0.780271
1178	0.685793
1179	0.861924
1180	0.476043
1181	0.997704
1182	0.009162
1183	0.036311
1184	0.139970
1185	0.481515
1186	0.998633
1187	0.005460
1188	0.021720
1189	0.084993
1190	0.311076
1191	0.857231
1192	0.489544
1193	0.999563
1194	0.001748
1195	0.006981
1196	0.027730
1197	0.107844
1198	0.384854
1199	0.946965
1200	0.200888
1201	0.642129
1202	0.919198
1203	0.297092
1204	0.835314
1205	0.550258
1206	0.989896
1207	0.040006
1208	0.153622
1209	0.520090
1210	0.998385
1211	0.006448
1212	0.025624
1213	0.099870
1214	0.359585
1215	0.921134
1216	0.290584
1217	0.824579
1218	0.578593
1219	0.975292
1220	0.096389
1221	0.348392
1222	0.908060
1223	0.333949
1224	0.889708
1225	0.392511
1226	0.953785
1227	0.176318
1228	0.580919
1229	0.973809
1230	0.102021
1231	0.366452
1232	0.928660
1233	0.265003
1234	0.779106
1235	0.688399
1236	0.858023
1237	0.487278
1238	0.999353
1239	0.002588
1240	0.010325
1241	0.040873
1242	0.156811
1243	0.528886
1244	0.996662
1245	0.013306
1246	0.052514
1247	0.199025
1248	0.637657
1249	0.924202
1250	0.280211
1251	0.806771
1252	0.623565
1253	0.938927
1254	0.229374
1255	0.707046
1256	0.828528
1257	0.568276
1258	0.981353
1259	0.073196
1260	0.271354
1261	0.790883
1262	0.661548
1263	0.895609
1264	0.373973
1265	0.936468
1266	0.237981
1267	0.725384
1268	0.796808
1269	0.647620
1270	0.912833
1271	0.318276
1272	0.867906
1273	0.458582
1274	0.993138
1275	0.027259
1276	0.106064
1277	0.379258
1278	0.941686
1279	0.219655
1280	0.685626
1281	0.862172
1282	0.475325
1283	0.997565
1284	0.009718
1285	0.038494
1286	0.148048
1287	0.504518
1288	0.999918
1289	0.000327
1290	0.001306
1291	0.005217
1292	0.020760
1293	0.081316
1294	0.298816
1295	0.838100
1296	0.542754
1297	0.992688
1298	0.029032
1299	0.112757
1300	0.400173
1301	0.960138
1302	0.153091
1303	0.518618
1304	0.998614
1305	0.005538
1306	0.022030
1307	0.086178
1308	0.315006
1309	0.863108
1310	0.472609
1311	0.996999
1312	0.011968
1313	0.047300
1314	0.180251
1315	0.591042
1316	0.966845
1317	0.128221
1318	0.447122
1319	0.988816
1320	0.044236
1321	0.169118
1322	0.562069
1323	0.984590
1324	0.060692
1325	0.228033
1326	0.704135
1327	0.833315
1328	0.555604
1329	0.987633
1330	0.048857
1331	0.185881
1332	0.605317
1333	0.955633
1334	0.169595
1335	0.563329
1336	0.983958
1337	0.063139
1338	0.236612
1339	0.722506
1340	0.801964
1341	0.635271
1342	0.926807
1343	0.271342
1344	0.790861
1345	0.661599
1346	0.895543
1347	0.374182
1348	0.936679
1349	0.237245
1350	0.723840
1351	0.799583
1352	0.641001
1353	0.920475
1354	0.292802
1355	0.828276
1356	0.568939
1357	0.980989
1358	0.074597
1359	0.276128
1360	0.799526
1361	0.641137
1362	0.920321
1363	0.293322
1364	0.829136
1365	0.566678
1366	0.982216
1367	0.069870
1368	0.259953
1369	0.769509
1370	0.709459
1371	0.824508
1372	0.578777
1373	0.975176
1374	0.096829
1375	0.349814
1376	0.909777
1377	0.328332
1378	0.882121
1379	0.415935
1380	0.971732
1381	0.109875
1382	0.391209
1383	0.952658
1384	0.180402
1385	0.591429
1386	0.966563
1387	0.129277
1388	0.450258
1389	0.990103
1390	0.039196
1391	0.150639
1392	0.511788
1393	0.999444
1394	0.002222
1395	0.008869
1396	0.035163
1397	0.135704
1398	0.469155
1399	0.996194
1400	0.015165
1401	0.059739
1402	0.224679
1403	0.696794
1404	0.845089
1405	0.523656
1406	0.997762
1407	0.008933
1408	0.035414
1409	0.136641
1410	0.471880
1411	0.996837
1412	0.012611
1413	0.049809
1414	0.189314
1415	0.613897
1416	0.948110
1417	0.196789
1418	0.632253
1419	0.930037
1420	0.260274
1421	0.770126
1422	0.708128
1423	0.826731
1424	0.572989
1425	0.978691
1426	0.083421
1427	0.305848
1428	0.849220
1429	0.512181
1430	0.999406
1431	0.002373
1432	0.009468
1433	0.037514
1434	0.144428
1435	0.494273
1436	0.999869
1437	0.000525
1438	0.002097
1439	0.008372
1440	0.033208
1441	0.128420
1442	0.447714
1443	0.989065
1444	0.043263
1445	0.165565
1446	0.552612
1447	0.988928
1448	0.043798
1449	0.167517
1450	0.557821
1451	0.986627
1452	0.052777
1453	0.199965
1454	0.639916
1455	0.921694
1456	0.288698
1457	0.821406
1458	0.586794
1459	0.969867
1460	0.116898
1461	0.412933
1462	0.969677
1463	0.117614
1464	0.415122
1465	0.971183
1466	0.111946
1467	0.397655
1468	0.958102
1469	0.160569
1470	0.539146
1471	0.993870
1472	0.024368
1473	0.095098
1474	0.344219
1475	0.902929
1476	0.350593
1477	0.910711
1478	0.325267
1479	0.877873
1480	0.428847
1481	0.979749
1482	0.079363
1483	0.292259
1484	0.827374
1485	0.571304
1486	0.979663
1487	0.079694
1488	0.293373
1489	0.829221
1490	0.566454
1491	0.982335
1492	0.069410
1493	0.258371
1494	0.766461
1495	0.715994
1496	0.813387
1497	0.607155
1498	0.954071
1499	0.175279
1500	0.578224
1501	0.975524
1502	0.095508
1503	0.345545
1504	0.904574
1505	0.345279
1506	0.904246
1507	0.346342
1508	0.905557
1509	0.342094
1510	0.900263
1511	0.359160
1512	0.920656
1513	0.292194
1514	0.827267
1515	0.571585
1516	0.979502
1517	0.080310
1518	0.295441
1519	0.832623
1520	0.557449
1521	0.986799
1522	0.052109
1523	0.197573
1524	0.634152
1525	0.928013
1526	0.267221
1527	0.783256
1528	0.679065
1529	0.871743
1530	0.447230
1531	0.988861
1532	0.044059
1533	0.168469
1534	0.560350
1535	0.985431
1536	0.057425


0.000000	264.211171
0.001957	6.042749
0.003914	2.795765
0.005871	13.570565
0.007828	17.576098
0.009785	15.159362
0.011742	0.316143
0.013699	9.742294
0.015656	4.076895
0.017613	6.397777
0.019569	12.992177
0.021526	6.572791
0.023483	4.572499
0.025440	10.035155
0.027397	8.124233
0.029354	1.243330
0.031311	5.788937
0.033268	4.804031
0.035225	7.321806
0.037182	6.718747
0.039139	8.957431
0.041096	7.301600
0.043053	3.644419
0.045010	1.464317
0.046967	3.777075
0.048924	6.900148
0.050881	1.572689
0.052838	3.053912
0.054795	7.352206
0.056751	8.003970
0.058708	1.875754
0.060665	5.663942
0.062622	8.073434
0.064579	5.093275
0.066536	13.958503
0.068493	8.666260
0.070450	4.307557
0.072407	2.194496
0.074364	5.596271
0.076321	8.381616
0.078278	6.324388
0.080235	6.405523
0.082192	5.096420
0.084149	1.785740
0.086106	9.544770
0.088063	8.233803
0.090020	4.795116
0.091977	2.432911
0.093933	1.961775
0.095890	6.019111
0.097847	4.589555
0.099804	7.601089
0.101761	6.721113
0.103718	3.182827
0.105675	3.151997
0.107632	5.209604
0.109589	4.307143
0.111546	11.297484
0.113503	3.017723
0.115460	5.148847
0.117417	7.890764
0.119374	10.898576
0.121331	2.040796
0.123288	3.225743
0.125245	1.601444
0.127202	8.915740
0.129159	9.674002
0.131115	0.835047
0.133072	8.138311
0.135029	13.289816
0.136986	6.201013
0.138943	5.077761
0.140900	7.897421
0.142857	8.230082
0.144814	1.253279
0.146771	2.851109
0.148728	11.239984
0.150685	3.542815
0.152642	9.369415
0.154599	20.665828
0.156556	12.207310
0.158513	4.095379
0.160470	13.951741
0.162427	4.714908
0.164384	9.101573
0.166341	2.441390
0.168297	14.494137
0.170254	9.437117
0.172211	3.751611
0.174168	6.620278
0.176125	1.639513
0.178082	8.769642
0.180039	2.687501
0.181996	5.286565
0.183953	9.257957
0.185910	4.780373
0.187867	4.683047
0.189824	5.591490
0.191781	7.161485
0.193738	5.183882
0.195695	2.121460
0.197652	6.392354
0.199609	10.061686
0.201566	12.041949
0.203523	12.109083
0.205479	8.944044
0.207436	8.438264
0.209393	2.441832
0.211350	5.701299
0.213307	5.610038
0.215264	7.429263
0.217221	4.971085
0.219178	16.131320
0.221135	3.050703
0.223092	4.930926
0.225049	2.795410
0.227006	16.088637
0.228963	5.263621
0.230920	6.172884
0.232877	11.090076
0.234834	4.936772
0.236791	4.626350
0.238748	8.413224
0.240705	8.193510
0.242661	4.672765
0.244618	12.968024
0.246575	3.938166
0.248532	2.363948
0.250489	3.101111
0.252446	8.978971
0.254403	6.503694
0.256360	1.749358
0.258317	9.067893
0.260274	6.516051
0.262231	6.969093
0.264188	8.454429
0.266145	8.772613
0.268102	8.724779
0.270059	1.808943
0.272016	9.273338
0.273973	7.433401
0.275930	7.420276
0.277886	4.102903
0.279843	6.865691
0.281800	13.635670
0.283757	7.471795
0.285714	4.116736
0.287671	3.272334
0.289628	7.878915
0.291585	1.748945
0.293542	1.977889
0.295499	11.728515
0.297456	10.846657
0.299413	3.405404
0.301370	13.123238
0.303327	8.383641
0.305284	15.952780
0.307241	9.721659
0.309198	8.952510
0.311155	3.437403
0.313112	3.730851
0.315068	11.344307
0.317025	9.439214
0.318982	11.537193
0.320939	4.449875
0.322896	3.072134
0.324853	6.661526
0.326810	5.168397
0.328767	6.242581
0.330724	9.243182
0.332681	11.798839
0.334638	15.265139
0.336595	3.499198
0.338552	7.902462
0.340509	8.335973
0.342466	12.224548
0.344423	1.211644
0.346380	2.328194
0.348337	4.824719
0.350294	5.777271
0.352250	6.131328
0.354207	7.401977
0.356164	2.074517
0.358121	7.616599
0.360078	1.215839
0.362035	4.901135
0.363992	1.888461
0.365949	8.111225
0.367906	6.375827
0.369863	7.233879
0.371820	3.721494
0.373777	4.272833
0.375734	6.399494
0.377691	11.373170
0.379648	8.598539
0.381605	10.295584
0.383562	5.855617
0.385519	6.528027
0.387476	3.609499
0.389432	9.520386
0.391389	11.143357
0.393346	2.848335
0.395303	3.276233
0.397260	6.693922
0.399217	1.672012
0.401174	17.113986
0.403131	0.686989
0.405088	4.172674
0.407045	8.050864
0.409002	4.332082
0.410959	6.289360
0.412916	14.347121
0.414873	7.022453
0.416830	10.248033
0.418787	6.930496
0.420744	8.732420
0.422701	6.435042
0.424658	9.874999
0.426614	2.958577
0.428571	5.942980
0.430528	6.705851
0.432485	6.714025
0.434442	13.589708
0.436399	5.606066
0.438356	11.162741
0.440313	1.682224
0.442270	9.091829
0.444227	16.098673
0.446184	2.215023
0.448141	3.739032
0.450098	2.383670
0.452055	9.509055
0.454012	3.298592
0.455969	11.154926
0.457926	12.235894
0.459883	4.941868
0.461840	9.364597
0.463796	7.364250
0.465753	10.791684
0.467710	6.440220
0.469667	7.668274
0.471624	12.654435
0.473581	3.681544
0.475538	14.490659
0.477495	11.694197
0.479452	7.469976
0.481409	6.119536
0.483366	5.655440
0.485323	3.686169
0.487280	12.607944
0.489237	3.252803
0.491194	5.887123
0.493151	12.059078
0.495108	2.492252
0.497065	3.037964
0.499022	7.673985
0.500978	1.934485
