# Growth rate = 3.5000
# Number of generations	Populations
1025	0.826941
1026	0.500884
1027	0.874997
1028	0.382820
1029	0.826941
1030	0.500884
1031	0.874997
1032	0.382820
1033	0.826941
1034	0.500884
1035	0.874997
1036	0.382820
1037	0.826941
1038	0.500884
1039	0.874997
1040	0.382820
1041	0.826941
1042	0.500884
1043	0.874997
1044	0.382820
1045	0.826941
1046	0.500884
1047	0.874997
1048	0.382820
1049	0.826941
1050	0.500884
1051	0.874997
1052	0.382820
1053	0.826941
1054	0.500884
1055	0.874997
1056	0.382820
1057	0.826941
1058	0.500884
1059	0.874997
1060	0.382820
1061	0.826941
1062	0.500884
1063	0.874997
1064	0.382820
1065	0.826941
1066	0.500884
1067	0.874997
1068	0.382820
1069	0.826941
1070	0.500884
1071	0.874997
1072	0.382820
1073	0.826941
1074	0.500884
1075	0.874997
1076	0.382820
1077	0.826941
1078	0.500884
1079	0.874997
1080	0.382820
1081	0.826941
1082	0.500884
1083	0.874997
1084	0.382820
1085	0.826941
1086	0.500884
1087	0.874997
1088	0.382820
1089	0.826941
1090	0.500884
1091	0.874997
1092	0.382820
1093	0.826941
1094	0.500884
1095	0.874997
1096	0.382820
1097	0.826941
1098	0.500884
1099	0.874997
1100	0.382820
1101	0.826941
1102	0.500884
1103	0.874997
1104	0.382820
1105	0.826941
1106	0.500884
1107	0.874997
1108	0.382820
1109	0.826941
1110	0.500884
1111	0.874997
1112	0.382820
1113	0.826941
1114	0.500884
1115	0.874997
1116	0.382820
1117	0.826941
1118	0.500884
1119	0.874997
1120	0.382820
1121	0.826941
1122	0.500884
1123	0.874997
1124	0.382820
1125	0.826941
1126	0.500884
1127	0.874997
1128	0.382820
1129	0.826941
1130	0.500884
1131	0.874997
1132	0.382820
1133	0.826941
1134	0.500884
1135	0.874997
1136	0.382820
1137	0.826941
1138	0.500884
1139	0.874997
1140	0.382820
1141	0.826941
1142	0.500884
1143	0.874997
1144	0.382820
1145	0.826941
1146	0.500884
1147	0.874997
1148	0.382820
1149	0.826941
1150	0.500884
1151	0.874997
1152	0.382820
1153	0.826941
1154	0.500884
1155	0.874997
1156	0.382820
1157	0.826941
1158	0.500884
1159	0.874997
1160	0.382820
1161	0.826941
1162	0.500884
1163	0.874997
1164	0.382820
1165	0.826941
1166	0.500884
1167	0.874997
1168	0.382820
1169	0.826941
1170	0.500884
1171	0.874997
1172	0.382820
1173	0.826941
1174	0.500884
1175	0.874997
1176	0.382820
1177	0.826941
1178	0.500884
1179	0.874997
1180	0.382820
1181	0.826941
1182	0.500884
1183	0.874997
1184	0.382820
1185	0.826941
1186	0.500884
1187	0.874997
1188	0.382820
1189	0.826941
1190	0.500884
1191	0.874997
1192	0.382820
1193	0.826941
1194	0.500884
1195	0.874997
1196	0.382820
1197	0.826941
1198	0.500884
1199	0.874997
1200	0.382820
1201	0.826941
1202	0.500884
1203	0.874997
1204	0.382820
1205	0.826941
1206	0.500884
1207	0.874997
1208	0.382820
1209	0.826941
1210	0.500884
1211	0.874997
1212	0.382820
1213	0.826941
1214	0.500884
1215	0.874997
1216	0.382820
1217	0.826941
1218	0.500884
1219	0.874997
1220	0.382820
1221	0.826941
1222	0.500884
1223	0.874997
1224	0.382820
1225	0.826941
1226	0.500884
1227	0.874997
1228	0.382820
1229	0.826941
1230	0.500884
1231	0.874997
1232	0.382820
1233	0.826941
1234	0.500884
1235	0.874997
1236	0.382820
1237	0.826941
1238	0.500884
1239	0.874997
1240	0.382820
1241	0.826941
1242	0.500884
1243	0.874997
1244	0.382820
1245	0.826941
1246	0.500884
1247	0.874997
1248	0.382820
1249	0.826941
1250	0.500884
1251	0.874997
1252	0.382820
1253	0.826941
1254	0.500884
1255	0.874997
1256	0.382820
1257	0.826941
1258	0.500884
1259	0.874997
1260	0.382820
1261	0.826941
1262	0.500884
1263	0.874997
1264	0.382820
1265	0.826941
1266	0.500884
1267	0.874997
1268	0.382820
1269	0.826941
1270	0.500884
1271	0.874997
1272	0.382820
1273	0.826941
1274	0.500884
1275	0.874997
1276	0.382820
1277	0.826941
1278	0.500884
1279	0.874997
1280	0.382820
1281	0.826941
1282	0.500884
1283	0.874997
1284	0.382820
1285	0.826941
1286	0.500884
1287	0.874997
1288	0.382820
1289	0.826941
1290	0.500884
1291	0.874997
1292	0.382820
1293	0.826941
1294	0.500884
1295	0.874997
1296	0.382820
1297	0.826941
1298	0.500884
1299	0.874997
1300	0.382820
1301	0.826941
1302	0.500884
1303	0.874997
1304	0.382820
1305	0.826941
1306	0.500884
1307	0.874997
1308	0.382820
1309	0.826941
1310	0.500884
1311	0.874997
1312	0.382820
1313	0.826941
1314	0.500884
1315	0.874997
1316	0.382820
1317	0.826941
1318	0.500884
1319	0.874997
1320	0.382820
1321	0.826941
1322	0.500884
1323	0.874997
1324	0.382820
1325	0.826941
1326	0.500884
1327	0.874997
1328	0.382820
1329	0.826941
1330	0.500884
1331	0.874997
1332	0.382820
1333	0.826941
1334	0.500884
1335	0.874997
1336	0.382820
1337	0.826941
1338	0.500884
1339	0.874997
1340	0.382820
1341	0.826941
1342	0.500884
1343	0.874997
1344	0.382820
1345	0.826941
1346	0.500884
1347	0.874997
1348	0.382820
1349	0.826941
1350	0.500884
1351	0.874997
1352	0.382820
1353	0.826941
1354	0.500884
1355	0.874997
1356	0.382820
1357	0.826941
1358	0.500884
1359	0.874997
1360	0.382820
1361	0.826941
1362	0.500884
1363	0.874997
1364	0.382820
1365	0.826941
1366	0.500884
1367	0.874997
1368	0.382820
1369	0.826941
1370	0.500884
1371	0.874997
1372	0.382820
1373	0.826941
1374	0.500884
1375	0.874997
1376	0.382820
1377	0.826941
1378	0.500884
1379	0.874997
1380	0.382820
1381	0.826941
1382	0.500884
1383	0.874997
1384	0.382820
1385	0.826941
1386	0.500884
1387	0.874997
1388	0.382820
1389	0.826941
1390	0.500884
1391	0.874997
1392	0.382820
1393	0.826941
1394	0.500884
1395	0.874997
1396	0.382820
1397	0.826941
1398	0.500884
1399	0.874997
1400	0.382820
1401	0.826941
1402	0.500884
1403	0.874997
1404	0.382820
1405	0.826941
1406	0.500884
1407	0.874997
1408	0.382820
1409	0.826941
1410	0.500884
1411	0.874997
1412	0.382820
1413	0.826941
1414	0.500884
1415	0.874997
1416	0.382820
1417	0.826941
1418	0.500884
1419	0.874997
1420	0.382820
1421	0.826941
1422	0.500884
1423	0.874997
1424	0.382820
1425	0.826941
1426	0.500884
1427	0.874997
1428	0.382820
1429	0.826941
1430	0.500884
1431	0.874997
1432	0.382820
1433	0.826941
1434	0.500884
1435	0.874997
1436	0.382820
1437	0.826941
1438	0.500884
1439	0.874997
1440	0.382820
1441	0.826941
1442	0.500884
1443	0.874997
1444	0.382820
1445	0.826941
1446	0.500884
1447	0.874997
1448	0.382820
1449	0.826941
1450	0.500884
1451	0.874997
1452	0.382820
1453	0.826941
1454	0.500884
1455	0.874997
1456	0.382820
1457	0.826941
1458	0.500884
1459	0.874997
1460	0.382820
1461	0.826941
1462	0.500884
1463	0.874997
1464	0.382820
1465	0.826941
1466	0.500884
1467	0.874997
1468	0.382820
1469	0.826941
1470	0.500884
1471	0.874997
1472	0.382820
1473	0.826941
1474	0.500884
1475	0.874997
1476	0.382820
1477	0.826941
1478	0.500884
1479	0.874997
1480	0.382820
1481	0.826941
1482	0.500884
1483	0.874997
1484	0.382820
1485	0.826941
1486	0.500884
1487	0.874997
1488	0.382820
1489	0.826941
1490	0.500884
1491	0.874997
1492	0.382820
1493	0.826941
1494	0.500884
1495	0.874997
1496	0.382820
1497	0.826941
1498	0.500884
1499	0.874997
1500	0.382820
1501	0.826941
1502	0.500884
1503	0.874997
1504	0.382820
1505	0.826941
1506	0.500884
1507	0.874997
1508	0.382820
1509	0.826941
1510	0.500884
1511	0.874997
1512	0.382820
1513	0.826941
1514	0.500884
1515	0.874997
1516	0.382820
1517	0.826941
1518	0.500884
1519	0.874997
1520	0.382820
1521	0.826941
1522	0.500884
1523	0.874997
1524	0.382820
1525	0.826941
1526	0.500884
1527	0.874997
1528	0.382820
1529	0.826941
1530	0.500884
1531	0.874997
1532	0.382820
1533	0.826941
1534	0.500884
1535	0.874997
1536	0.382820


0.000000	330.962176
0.001957	0.000000
0.003914	0.000000
0.005871	0.000000
0.007828	0.000000
0.009785	0.000000
0.011742	0.000000
0.013699	0.000000
0.015656	0.000000
0.017613	0.000000
0.019569	0.000000
0.021526	0.000000
0.023483	0.000000
0.025440	0.000000
0.027397	0.000000
0.029354	0.000000
0.031311	0.000000
0.033268	0.000000
0.035225	0.000000
0.037182	0.000000
0.039139	0.000000
0.041096	0.000000
0.043053	0.000000
0.045010	0.000000
0.046967	0.000000
0.048924	0.000000
0.050881	0.000000
0.052838	0.000000
0.054795	0.000000
0.056751	0.000000
0.058708	0.000000
0.060665	0.000000
0.062622	0.000000
0.064579	0.000000
0.066536	0.000000
0.068493	0.000000
0.070450	0.000000
0.072407	0.000000
0.074364	0.000000
0.076321	0.000000
0.078278	0.000000
0.080235	0.000000
0.082192	0.000000
0.084149	0.000000
0.086106	0.000000
0.088063	0.000000
0.090020	0.000000
0.091977	0.000000
0.093933	0.000000
0.095890	0.000000
0.097847	0.000000
0.099804	0.000000
0.101761	0.000000
0.103718	0.000000
0.105675	0.000000
0.107632	0.000000
0.109589	0.000000
0.111546	0.000000
0.113503	0.000000
0.115460	0.000000
0.117417	0.000000
0.119374	0.000000
0.121331	0.000000
0.123288	0.000000
0.125245	0.000000
0.127202	0.000000
0.129159	0.000000
0.131115	0.000000
0.133072	0.000000
0.135029	0.000000
0.136986	0.000000
0.138943	0.000000
0.140900	0.000000
0.142857	0.000000
0.144814	0.000000
0.146771	0.000000
0.148728	0.000000
0.150685	0.000000
0.152642	0.000000
0.154599	0.000000
0.156556	0.000000
0.158513	0.000000
0.160470	0.000000
0.162427	0.000000
0.164384	0.000000
0.166341	0.000000
0.168297	0.000000
0.170254	0.000000
0.172211	0.000000
0.174168	0.000000
0.176125	0.000000
0.178082	0.000000
0.180039	0.000000
0.181996	0.000000
0.183953	0.000000
0.185910	0.000000
0.187867	0.000000
0.189824	0.000000
0.191781	0.000000
0.193738	0.000000
0.195695	0.000000
0.197652	0.000000
0.199609	0.000000
0.201566	0.000000
0.203523	0.000000
0.205479	0.000000
0.207436	0.000000
0.209393	0.000000
0.211350	0.000000
0.213307	0.000000
0.215264	0.000000
0.217221	0.000000
0.219178	0.000000
0.221135	0.000000
0.223092	0.000000
0.225049	0.000000
0.227006	0.000000
0.228963	0.000000
0.230920	0.000000
0.232877	0.000000
0.234834	0.000000
0.236791	0.000000
0.238748	0.000000
0.240705	0.000000
0.242661	0.000000
0.244618	0.000000
0.246575	0.000000
0.248532	0.000000
0.250489	16.316103
0.252446	0.000000
0.254403	0.000000
0.256360	0.000000
0.258317	0.000000
0.260274	0.000000
0.262231	0.000000
0.264188	0.000000
0.266145	0.000000
0.268102	0.000000
0.270059	0.000000
0.272016	0.000000
0.273973	0.000000
0.275930	0.000000
0.277886	0.000000
0.279843	0.000000
0.281800	0.000000
0.283757	0.000000
0.285714	0.000000
0.287671	0.000000
0.289628	0.000000
0.291585	0.000000
0.293542	0.000000
0.295499	0.000000
0.297456	0.000000
0.299413	0.000000
0.301370	0.000000
0.303327	0.000000
0.305284	0.000000
0.307241	0.000000
0.309198	0.000000
0.311155	0.000000
0.313112	0.000000
0.315068	0.000000
0.317025	0.000000
0.318982	0.000000
0.320939	0.000000
0.322896	0.000000
0.324853	0.000000
0.326810	0.000000
0.328767	0.000000
0.330724	0.000000
0.332681	0.000000
0.334638	0.000000
0.336595	0.000000
0.338552	0.000000
0.340509	0.000000
0.342466	0.000000
0.344423	0.000000
0.346380	0.000000
0.348337	0.000000
0.350294	0.000000
0.352250	0.000000
0.354207	0.000000
0.356164	0.000000
0.358121	0.000000
0.360078	0.000000
0.362035	0.000000
0.363992	0.000000
0.365949	0.000000
0.367906	0.000000
0.369863	0.000000
0.371820	0.000000
0.373777	0.000000
0.375734	0.000000
0.377691	0.000000
0.379648	0.000000
0.381605	0.000000
0.383562	0.000000
0.385519	0.000000
0.387476	0.000000
0.389432	0.000000
0.391389	0.000000
0.393346	0.000000
0.395303	0.000000
0.397260	0.000000
0.399217	0.000000
0.401174	0.000000
0.403131	0.000000
0.405088	0.000000
0.407045	0.000000
0.409002	0.000000
0.410959	0.000000
0.412916	0.000000
0.414873	0.000000
0.416830	0.000000
0.418787	0.000000
0.420744	0.000000
0.422701	0.000000
0.424658	0.000000
0.426614	0.000000
0.428571	0.000000
0.430528	0.000000
0.432485	0.000000
0.434442	0.000000
0.436399	0.000000
0.438356	0.000000
0.440313	0.000000
0.442270	0.000000
0.444227	0.000000
0.446184	0.000000
0.448141	0.000000
0.450098	0.000000
0.452055	0.000000
0.454012	0.000000
0.455969	0.000000
0.457926	0.000000
0.459883	0.000000
0.461840	0.000000
0.463796	0.000000
0.465753	0.000000
0.467710	0.000000
0.469667	0.000000
0.471624	0.000000
0.473581	0.000000
0.475538	0.000000
0.477495	0.000000
0.479452	0.000000
0.481409	0.000000
0.483366	0.000000
0.485323	0.000000
0.487280	0.000000
0.489237	0.000000
0.491194	0.000000
0.493151	0.000000
0.495108	0.000000
0.497065	0.000000
0.499022	0.000000
0.500978	104.733952
